ABCDE
101
0 3.78307865485395
1 3.79715721960031
2 3.95702705306730
3 3.88916330372285
4 4.03177043075434
5 4.03748804547761
6 4.22317190285197
7 4.20090702571424
8 4.39285910923161
9 4.34125861926778
10 4.46613800884179
11 4.74461570309700
12 4.74257501081684
13 4.73734304193960
14 4.85388795612331
15 4.87994731493385
16 5.12397811861507
17 5.17124778899102
18 5.28331835904374
19 5.46597428860418
20 5.40459868341158
21 5.33490978149941
22 5.49445675365891
23 5.47071870033127
24 5.56627449336612
25 5.36824859203599
26 5.49440864920087
27 5.47372953003224
28 5.51037338837563
29 5.29702900685380
30 5.37789762850219
31 5.51176279285317
32 5.17765248235496
33 5.19889843629821
34 4.93679275527743
35 4.78678666031812
36 5.08592547169497
37 4.71254591971770
38 4.57416914056639
39 4.79171111955636
40 4.24839743514335
41 4.44128302714429
42 4.39217029812051
43 4.17030986089265
44 3.93794216278632
45 3.88682446837084
46 3.71961125657864
47 3.82143545429562
48 3.45685152227858
49 3.43896001287421
50 3.46177928947262
51 3.01489166121036
52 2.96947435658059
53 2.93941821735164
54 3.27059271243977
55 3.20322445503236
56 3.13842129935278
57 2.91055130909886
58 2.93802168862219
59 2.87191408639869
60 2.92229623668899
61 2.75088924270949
62 2.83897813872604
63 2.86756982180098
64 3.04836122156844
65 2.91522052069560
66 3.12225497986632
67 2.71276014787647
68 3.21398273274795
69 3.12684440261243
70 3.03014602902516
71 3.56744758922218
72 3.33592397191173
73 3.29577725170671
74 3.22482991824902
75 3.41728289225258
76 3.39615923253572
77 3.61718889635130
78 3.55440324620804
79 3.55835486352940
80 3.66972674260927
81 3.55082789706623
82 3.55897455508758
83 3.95073310703174
84 4.00035017153135
85 3.60344563947370
86 3.70211360120014
87 3.92783920825911
88 3.70152230328976
89 3.68875751829417
90 3.58025726857169
91 3.68070124996785
92 3.63787788254452
93 3.47573322702680
94 3.46373661680975
95 3.55663184852441
96 3.60734409571220
97 3.44681255143953
98 3.58201088711293
99 3.52362904382311
100 3.42103652225799
