Apples
101
0 5.05385409271894
1 5.05075062804128
2 5.07858617107911
3 5.06394579329499
4 5.05905522656341
5 5.17473026872862
6 5.23226245059623
7 5.24583240399747
8 5.03421400118977
9 5.19111049268382
10 5.25235854284550
11 5.11726138171654
12 5.15579703246735
13 5.08037878856959
14 5.05033632901953
15 4.92873606530296
16 5.17719530589608
17 4.95941627908108
18 5.04171292480951
19 4.77353389287400
20 4.89811567846754
21 4.78964645026467
22 4.64836925223650
23 4.76249238805487
24 4.59574047706680
25 4.52094217001988
26 4.50971188898909
27 4.43435579242126
28 4.39239794177214
29 4.40265374597274
30 4.29029992672210
31 4.16171507541501
32 4.31277310036556
33 4.28138896147321
34 4.05093924247180
35 3.89144223711230
36 4.07681986075273
37 3.97991955129918
38 4.00765496676922
39 3.93870865759185
40 4.08306732129494
41 3.92013362880849
42 4.02304776863473
43 4.03707217989998
44 4.11911136673261
45 4.01867927999109
46 4.01294092383239
47 4.06063661474510
48 4.21910674450920
49 4.27825538752253
50 4.35809234414563
51 4.24506051079399
52 4.33052702996609
53 4.41961098776441
54 4.45349520487717
55 4.61524383502512
56 4.66578329532664
57 4.69578131235911
58 4.67511853047070
59 4.72568426286333
60 4.79344651670833
61 4.88727888054563
62 5.04043864896127
63 5.01778397874299
64 4.92901743848394
65 4.98712144263142
66 5.05429836639280
67 5.20755654470999
68 5.18962379785891
69 5.22771828645894
70 5.13298323966477
71 5.07352061091501
72 5.16037784739444
73 5.21902371394142
74 5.26360675182182
75 5.19589740083136
76 5.20178459188217
77 5.08500026141027
78 5.06526076475102
79 5.06571111438213
80 4.99268037502859
81 5.01273313955428
82 4.96921008177856
83 4.82084160257334
84 4.97101821138026
85 4.74508670911379
86 4.84067699415512
87 4.67196040776853
88 4.68023137685218
89 4.61725572451696
90 4.43594823544606
91 4.55551509621493
92 4.39859583799613
93 4.24761299172942
94 4.49507649540779
95 4.30996821911374
96 4.18233057214175
97 4.49478556873960
98 4.33246456021874
99 4.19948111570628
100 4.13923150992101
