BetterTomorrow
101
0 3.50723053241130
1 3.54429191157516
2 3.72786966100169
3 3.59833527964849
4 3.57895882216792
5 3.46934165671781
6 3.36990779297470
7 3.35394121735683
8 3.50305376829066
9 3.29574982202948
10 3.22857439556365
11 3.41483971904149
12 3.35378991000173
13 3.20601966114032
14 3.30808563417558
15 3.17103853254907
16 3.13832748146068
17 3.14156066065891
18 3.10503252562004
19 3.06069574681953
20 3.13691935223055
21 3.02841309790508
22 2.88995171565476
23 3.02815761863028
24 2.90571371654549
25 2.76833141171324
26 2.79538269320187
27 2.89217069330998
28 2.93109056710312
29 2.67894312022204
30 2.97682137581391
31 2.73549442351524
32 2.76338042342731
33 3.01104131571946
34 2.81455133897708
35 2.84367167420861
36 2.95614212387393
37 2.76994221321453
38 2.79506976550557
39 2.64628226361105
40 2.67774731919322
41 2.87596284404389
42 2.74986656360902
43 2.90871990776842
44 2.84296457529399
45 2.90303842001018
46 2.87794295152769
47 3.10102686524222
48 3.16701835879798
49 3.17390729553777
50 3.34057590149230
51 3.07867387383298
52 3.36433044871618
53 3.32835159031352
54 3.30247410385794
55 3.39664806399641
56 3.44301006586232
57 3.49145371333056
58 3.64441103902537
59 3.76658357773674
60 3.64337320645018
61 3.76099982275244
62 3.95642153611610
63 3.90795546535780
64 3.80789734722820
65 4.07023745037272
66 4.04715559223455
67 4.13226884568304
68 4.14997802724882
69 4.11386616621690
70 4.23529423854818
71 4.22120857283567
72 4.32997661208134
73 4.45829623385252
74 4.17286780910048
75 4.25326686709212
76 4.37329314512414
77 4.51709582079162
78 4.40909228781030
79 4.35044910277354
80 4.48676906606141
81 4.20602430309454
82 4.25479792452675
83 4.27957886602287
84 4.36208809604232
85 4.17222950475607
86 4.18342921657459
87 4.17383151269047
88 4.05269620292334
89 3.98285702691755
90 3.93516428508358
91 3.89212937659898
92 3.83146003321621
93 3.77243038846025
94 3.56371111557673
95 3.55940172657805
96 3.56440390334462
97 3.55752417134621
98 3.48037492665300
99 3.44844963599060
100 3.46500754668745
