BetterTechnology
101
0 3.57207710932267
1 3.84024913779051
2 3.48426196871219
3 3.55887300580991
4 3.32526383939408
5 3.49093802413321
6 4.00996768994644
7 3.63882122487485
8 3.99996817966642
9 3.52696219346675
10 3.80577437360910
11 3.92335670105993
12 3.73347956896815
13 3.78364521869992
14 4.11627594669103
15 3.77787565434130
16 4.14367265348509
17 4.04816347546728
18 4.18448840206285
19 4.49419312714041
20 3.94556060972673
21 4.27052279066563
22 4.21487756851911
23 4.40327251757064
24 4.27051373726602
25 4.14655953908634
26 4.14767081801114
27 4.35307749133636
28 4.35361555140859
29 4.27956839348239
30 4.28392769469407
31 4.23222267236541
32 3.82439359716560
33 4.18344382160842
34 4.01087344228997
35 3.72321325048622
36 4.52428927351253
37 3.89161215785597
38 3.61744517849375
39 3.91891898988911
40 3.68036999057618
41 3.82334363337040
42 3.39945919004065
43 3.36333756015504
44 3.27889023430998
45 3.64485784509766
46 3.27691561943676
47 3.19988158275473
48 3.01560564055246
49 3.07838483680282
50 3.07744891212529
51 3.09905192864854
52 3.06561870016785
53 3.08762393233146
54 3.09995628980120
55 3.00850529730315
56 3.04481960118113
57 3.10572386518589
58 2.74089691131939
59 3.25341582776169
60 2.99122171423788
61 3.23447292598192
62 3.28338469148677
63 2.95430752645164
64 2.98262381120055
65 3.09847769088138
66 3.07568620494760
67 3.24435170769300
68 3.13111281082418
69 3.22636548050867
70 3.45538393544018
71 3.04808104787797
72 3.14158001841640
73 3.01705118022375
74 3.11559362695729
75 3.26492595321468
76 2.85256782728869
77 2.89259469529154
78 3.18952469801010
79 3.19667774093309
80 2.51548379790216
81 1.99856782360499
82 2.57857365489930
83 2.23309578338123
84 2.21173181974664
85 1.75878756190883
86 1.88245916777493
87 1.93481328626051
88 1.67792368644338
89 1.63266812934964
90 1.31420868829188
91 1.67297015397981
92 1.30062351918853
93 1.39218423820730
94 0.815299425602843
95 0.871341682292700
96 1.00060791580573
97 0.741204296674586
98 0.552165830564156
99 0.314226845455093
100 0.817825636047840
