CPU-XYZ
101
0 7.16878511448921
1 7.34321021582746
2 7.39142552183844
3 7.39712998872101
4 7.51221641117274
5 7.80696925165184
6 7.76116768721549
7 8.01407760157906
8 8.03194519612599
9 8.07684521598885
10 8.20290052539505
11 8.40129808496358
12 8.45869616922123
13 8.70131553006331
14 8.43787012315626
15 8.72657889716262
16 8.81644576133413
17 8.95142645936691
18 8.83224147394460
19 8.88628507076083
20 9.12620117408921
21 9.12499241396260
22 9.13221695605089
23 9.20722248587479
24 9.10727028835907
25 9.15336676461822
26 9.15867720339273
27 9.00014893722813
28 9.24832172774256
29 9.23073485940668
30 9.25944055873298
31 9.11593121405819
32 9.08316898370063
33 9.08101522168172
34 8.97220392210589
35 8.78592837204603
36 8.75950467918146
37 8.77288757819204
38 8.96329544053217
39 8.63623737248115
40 8.69352213799629
41 8.73244261038292
42 8.67945595163328
43 8.30881898107629
44 8.39696803741673
45 8.25494041943844
46 8.11713267188756
47 8.35388064102808
48 8.35542823201291
49 8.04061272177886
50 8.02880163442594
51 8.17330401818010
52 8.03024631612405
53 8.09882049286036
54 7.97444418381473
55 8.06748945221333
56 8.00174137074414
57 8.00284601289850
58 7.97825681914072
59 8.01377547171368
60 7.79797334674390
61 7.98340436558369
62 7.91945497448401
63 7.90915321561655
64 8.02151095729725
65 8.14843093420910
66 7.90756070281218
67 8.02710492412761
68 7.99445100321605
69 7.88859224698905
70 8.09630930073245
71 7.89232693664654
72 7.96847696486965
73 8.20033729711454
74 8.11930622773684
75 7.93566744390899
76 8.10670050699886
77 8.19782951165023
78 8.25510232210380
79 8.06891930476959
80 8.11280059984699
81 8.10001188781636
82 8.14669505264745
83 7.93267688670899
84 8.07156835927675
85 7.99880333914360
86 8.15509013049073
87 7.87053591498057
88 7.73076040195178
89 7.95976870605963
90 8.02614629078299
91 7.93461413135210
92 8.04033572587993
93 7.80586455043926
94 7.76768187190817
95 7.95724786796681
96 7.67816714551858
97 7.68886970453676
98 7.70420134560437
99 7.71604439356880
100 7.54313032055517
