Electronics123
101
0 5.39884369666680
1 5.25543585928098
2 5.49815799896152
3 5.36196942434539
4 5.29581924685809
5 5.20990595823136
6 5.33301181689169
7 5.39938667510399
8 5.28310630062503
9 5.30105646213879
10 5.00511733643480
11 5.26782453431558
12 5.11943130377422
13 4.95776712131480
14 5.18256690054337
15 5.21497106236430
16 5.06463824855878
17 5.13704426579120
18 4.94625487321173
19 4.91723591088183
20 4.97475122645110
21 4.91420528632162
22 5.20834484208809
23 5.03458011509438
24 4.97231448411112
25 4.94666795165241
26 5.05752544663548
27 5.03931748151216
28 4.92755358882137
29 5.06514883676960
30 5.25833552719064
31 5.24250916538675
32 5.31319716672978
33 5.31105294025152
34 5.25028957040708
35 5.12820714235492
36 5.30716109798079
37 5.26282276851022
38 5.29894474477240
39 5.49471049596211
40 5.36649187661107
41 5.48447091575018
42 5.22457193214147
43 5.20194489685682
44 5.28886556860807
45 5.34360133771365
46 5.28097771742738
47 5.28158129271541
48 5.41089912257881
49 5.24040228567292
50 5.12286900304973
51 5.14414364434088
52 5.27184696241279
53 5.11746719058006
54 5.07552155194961
55 4.89429456928004
56 5.13036680792686
57 5.00870355640615
58 5.17538629948610
59 5.03030399452901
60 5.10403455828937
61 4.80344097860841
62 4.85742593229010
63 4.81748248558752
64 5.01161303776405
65 4.91036579109305
66 4.84910332963704
67 4.82784993662823
68 4.95078026029708
69 4.75500597516896
70 4.75888169802891
71 4.81652335409079
72 4.81379645739444
73 4.90552078715545
74 4.78041551512575
75 4.90284854830273
76 5.09416335814811
77 5.22294791795192
78 4.92038561481198
79 5.12805707853207
80 5.16159039455321
81 5.03015223733188
82 5.12709887883700
83 5.21727234296834
84 5.14683536351679
85 5.18105192966244
86 5.27831679775444
87 5.07976151209516
88 5.24940587750012
89 5.11862784583656
90 5.34520122236792
91 5.26184796900928
92 5.25550519164662
93 5.07843785138041
94 5.17879354800876
95 4.93181967971411
96 4.95658786415323
97 4.92869459251944
98 4.93037709531481
99 4.80634668551949
100 4.72847226044468
