EnviroLike
101
0 4.65056078462107
1 4.69104947953722
2 4.74050830186785
3 4.78312265995574
4 4.81903264307473
5 4.89313825225459
6 4.94739853799086
7 5.03415273731897
8 5.11009908042183
9 5.19603561125824
10 5.28608048142100
11 5.38545706623534
12 5.47485807032679
13 5.59442191453480
14 5.68949252643816
15 5.81405493245740
16 5.92779545852464
17 6.03559647646630
18 6.15504938898400
19 6.25560964637196
20 6.36568589408301
21 6.47827994727057
22 6.57559488044675
23 6.68171080108780
24 6.78052198431752
25 6.87432440775216
26 6.95194740097289
27 7.02523279119685
28 7.09609661203717
29 7.15365733710151
30 7.21279908480602
31 7.25266447657647
32 7.30137773616714
33 7.35432203866521
34 7.36575235492057
35 7.40125499693110
36 7.41447302717730
37 7.41465621685737
38 7.42446449332328
39 7.41624360978116
40 7.41234884691667
41 7.39297309901335
42 7.38322733488605
43 7.37248291364063
44 7.35100463389603
45 7.32902322601537
46 7.30750925082278
47 7.28805946628434
48 7.24919787168329
49 7.22840426995109
50 7.20260610369566
51 7.18973822526888
52 7.15334057234027
53 7.13073031903586
54 7.11690991990707
55 7.10294573293678
56 7.08538163568852
57 7.05842800539373
58 7.04850858316648
59 7.03537240827598
60 7.01159072888156
61 7.01619136183513
62 6.99062765840809
63 6.97451793021876
64 6.96366527246832
65 6.93193834214048
66 6.92688737167884
67 6.89674857035608
68 6.85817827887829
69 6.82178864044151
70 6.78913481183548
71 6.73612260898010
72 6.68768266389704
73 6.63327484108297
74 6.58380493843805
75 6.50296893422089
76 6.44390431442292
77 6.36197955909895
78 6.28657805521006
79 6.19306599511987
80 6.10709488063453
81 5.98908573966013
82 5.88924373332572
83 5.79116959699677
84 5.66729291275762
85 5.55845093739129
86 5.44717576550378
87 5.32560408878314
88 5.22493550652768
89 5.10289930799837
90 4.99061189491712
91 4.88451534976233
92 4.76880655244150
93 4.68272083864230
94 4.57821122512506
95 4.48883408367090
96 4.39504399926310
97 4.32177345016209
98 4.23433853917375
99 4.19248363564841
100 4.12988266485180
