Fuel4
101
0 4.90637021523769
1 5.25281517516871
2 4.89652906662312
3 5.12738118125849
4 4.70190424157053
5 4.91373929155321
6 4.63762545398519
7 4.24406328937569
8 4.52131721197648
9 4.71582192420032
10 4.64027491908387
11 4.67630386611884
12 4.55361609680634
13 4.26426537097941
14 4.59080897497360
15 4.34390039646522
16 4.28704719460217
17 4.35463836955358
18 4.37320525389461
19 4.25811627245232
20 4.18180922412454
21 4.38376917008748
22 4.41192939079610
23 4.30413248234475
24 4.18028204158995
25 4.15915635501073
26 3.89831367779413
27 4.55420332026301
28 4.05524461896591
29 4.38712800341709
30 4.38430548354057
31 4.27109610530480
32 4.59837579010405
33 4.18456266839983
34 4.34023999520103
35 4.17434504860664
36 4.14756688124273
37 4.21566694085594
38 4.79935488239112
39 4.70130481743421
40 4.11126000315285
41 4.58354213975606
42 4.37099754752665
43 4.30400403738165
44 4.35704796057947
45 4.78678427392567
46 4.54175779137245
47 4.30336599071614
48 4.28842719653553
49 4.25855815726900
50 4.27629021552296
51 4.53729075099437
52 4.53078299914109
53 4.51755071052555
54 4.10715339930629
55 4.30181230262716
56 4.33057464340808
57 4.04491673512304
58 4.12111876287487
59 4.13209732918926
60 4.24576507628149
61 3.63752957710601
62 4.11609769264003
63 3.67747219131051
64 3.73141680000957
65 3.57467925415782
66 3.85345776969431
67 3.81725420000836
68 3.49447646391110
69 3.54271339031100
70 3.57430082955179
71 3.48735855317747
72 3.53348954413236
73 3.32212263232066
74 3.52759639399361
75 3.28471362850033
76 3.56485678933387
77 3.73585321759970
78 3.47890842981555
79 3.07125218668203
80 3.35471405235346
81 3.42761142510988
82 3.56449165436521
83 3.45326203450605
84 3.47410991747664
85 3.17722947726125
86 3.35094145038327
87 3.43306076141496
88 3.79737305952377
89 3.83592417187530
90 3.83106961458038
91 3.87220684441249
92 4.27883464201387
93 3.85211998622713
94 3.91604652621991
95 3.84770924318344
96 4.03860591121620
97 4.00078802373857
98 4.16777058992296
99 4.24378099928556
100 4.25493434496324
