Lasers
101
0 6.46562507899697
1 6.75471802791289
2 6.43036503095958
3 6.70257379130473
4 6.80908279136951
5 6.82481048537766
6 6.69349832204717
7 6.70434122279725
8 7.09550850254166
9 6.76644797446402
10 6.62983834666906
11 6.85624979415482
12 6.93732453697858
13 6.78475659574694
14 7.01956072429820
15 6.77477048548879
16 6.90316987021745
17 6.87694710076293
18 7.13760228186340
19 7.17208965649905
20 6.95849137626838
21 7.12192965198647
22 7.28095257015586
23 7.18220989185920
24 7.39702176373262
25 7.06966016028339
26 7.13036043515867
27 7.34728085774624
28 7.20725135948073
29 7.10000621897678
30 7.13454757894175
31 7.24015509059415
32 7.30807813183274
33 7.16903563319532
34 7.18362268205240
35 7.28156642115731
36 7.06633648432317
37 7.12317504725656
38 6.98972255645081
39 7.05760898810225
40 7.10694976830157
41 6.83918494494423
42 6.84115024973287
43 6.95621194687757
44 6.78475381809224
45 6.89031049705001
46 6.70662326177415
47 6.65099052616837
48 6.49832332211156
49 6.58681243010626
50 6.58169019110942
51 6.40965200440551
52 6.50163657585467
53 6.38480685775974
54 6.20040096172949
55 5.99482990863871
56 6.12353966529845
57 5.63886237500178
58 5.93226849238776
59 5.87983880160550
60 5.54418869764472
61 5.56742465417605
62 5.49834761848263
63 5.58089755579818
64 5.41325075291955
65 5.53645436005579
66 5.25297765992599
67 5.25601116586273
68 5.32842247561222
69 5.28979045572644
70 5.09055941023220
71 5.09366800667075
72 4.97011515209110
73 5.16605242656488
74 5.25004722595800
75 5.09329491736168
76 4.99457509053420
77 5.18402430165171
78 5.20440015868370
79 5.24143417090213
80 5.39892426424205
81 5.15948990353550
82 5.34621385872272
83 5.35992735785177
84 5.51929686411597
85 5.19513553205885
86 5.63667778720744
87 5.42614376039709
88 5.51948317752394
89 5.75130999393924
90 5.77146676763801
91 5.82393608944625
92 5.91086036718828
93 5.96412859273214
94 6.05516967600918
95 5.99566700575772
96 6.05824767906864
97 6.21601907394266
98 6.20934867999960
99 5.99868997534330
100 6.41106343007307
