MarsProject
101
0 5.22529193117261
1 5.16680018555536
2 5.09737079342924
3 5.14087250229459
4 5.30013418536943
5 5.12706434388973
6 5.19969278952286
7 5.14432614375083
8 5.20081872659355
9 5.09382878557341
10 5.23600095264891
11 5.02325866525212
12 4.96024129782684
13 5.20740780576086
14 5.25484115243591
15 5.05599785024830
16 5.24644359639535
17 5.37736153533038
18 5.07999959492903
19 5.04918975952486
20 5.11553136875269
21 5.29572451271330
22 5.27372892231878
23 5.19135161068496
24 5.01829268458016
25 5.33712407023917
26 5.41860059397901
27 5.28749840427782
28 5.28053041934654
29 5.53580929187393
30 5.67786295253601
31 5.66319374856768
32 5.57382708497417
33 5.67200650166439
34 5.53936616241935
35 5.83103478077554
36 5.73636653931652
37 5.67041004375004
38 5.84402868256068
39 5.92117193506434
40 5.84524312541053
41 5.75485990407841
42 6.08220558564565
43 5.87015642283191
44 5.77247747706948
45 5.86888928044753
46 5.77038893716699
47 5.64350486485801
48 5.67247179638449
49 5.88121123276088
50 5.62173210230963
51 5.78836854506981
52 5.79014362725918
53 5.76641827586060
54 5.98984235347724
55 5.77537459081104
56 5.67385321909462
57 5.86978645963280
58 5.70760596760578
59 5.72878125942067
60 5.77461822934626
61 5.72449370232908
62 5.66250659360815
63 5.71291229556185
64 5.85985358032252
65 5.75099771614541
66 5.85026914712635
67 5.80642311804634
68 6.14528309243675
69 5.79594564273955
70 6.12488158542139
71 6.05616318230815
72 6.05487944804834
73 6.21100986189341
74 6.12793757661504
75 6.40978267804164
76 6.34342301813100
77 6.31455030384498
78 6.33572322175304
79 6.38890894269386
80 6.38566590257571
81 6.54282248927538
82 6.59784314237812
83 6.47867333369870
84 6.49471177130176
85 6.59467777578125
86 6.54916015230224
87 6.47407950828190
88 6.77748320387667
89 6.67869799124567
90 6.37675545861324
91 6.63799133409381
92 6.51413102893950
93 6.30713819777043
94 6.46915115061289
95 6.15251412327618
96 6.11746681432052
97 6.31201951913038
98 6.08374142674657
99 6.14133013622418
100 5.97373505970141
