Moneymakers
101
0 3.65503103285688
1 3.78194063274167
2 3.68060274560211
3 3.64779748860849
4 3.68219768313025
5 3.65989259759082
6 3.69889188638926
7 3.46489170984570
8 3.54635003624266
9 3.59320082436927
10 3.85638106297327
11 3.62845590451551
12 3.77208140529513
13 3.59948328732434
14 3.92838765682507
15 3.51710752191623
16 3.81600048001420
17 3.75519283760646
18 3.92844854445560
19 3.74709979419768
20 3.93520611913470
21 3.72917143709054
22 3.82151429761146
23 4.07038611970040
24 4.00654063094319
25 4.21526345869531
26 4.09820344010000
27 4.18901440607202
28 3.75439013169496
29 4.07740599332935
30 3.73352435490734
31 4.22362281841252
32 4.16084942640777
33 4.66583799877582
34 3.88864718323856
35 4.13575363548268
36 3.88253365462602
37 4.04971286749826
38 4.16234191250728
39 3.93346517680216
40 4.01220099706854
41 3.99214526396843
42 3.49142422754773
43 3.79984105889825
44 3.46262741039580
45 3.43215889951321
46 3.64892832944360
47 3.54379255499232
48 3.57570497337408
49 3.47045490275851
50 3.19155461773957
51 3.26225227288479
52 3.24718980029983
53 3.18168841240944
54 3.28427584789887
55 2.90937813902065
56 3.32976654900637
57 3.35930924797248
58 2.95673254218246
59 3.42454721306359
60 3.10004748263710
61 3.26867905683982
62 3.33253610229804
63 3.37695617913318
64 3.20773922731897
65 3.55134311659902
66 3.44142051562979
67 3.28788989759274
68 3.71140705841831
69 3.94205128746490
70 3.22597220444821
71 3.69980114398869
72 3.43285702533595
73 3.51042513117560
74 3.40365487204976
75 3.54528820036529
76 3.61275592098002
77 3.53697825401708
78 3.67203612060153
79 2.90928153254003
80 3.57001062379326
81 3.71034606220455
82 3.54844649761144
83 3.56097953476404
84 3.96989295816937
85 3.87685459365667
86 3.56646115234472
87 4.00920309789031
88 3.56523330826729
89 4.11718855199510
90 3.84888441978347
91 3.69630031714517
92 4.12630140881480
93 3.96219892063165
94 3.98455113837566
95 4.20947641022747
96 4.13943039396197
97 4.13075830022950
98 4.13662005347153
99 4.28438796853220
100 4.49283245067933
