PearPear
101
0 4.37127664714643
1 4.40324925732676
2 4.52063060774901
3 4.53488237880940
4 4.56365556745166
5 4.63599007266979
6 4.73254497235239
7 4.71404420171382
8 4.77314174574988
9 4.82250319407065
10 4.85943508647664
11 4.91368933792855
12 4.96652084224387
13 5.01826183025688
14 5.06295299834159
15 5.09956143150755
16 5.10804813268471
17 5.18262446114077
18 5.22031253800257
19 5.23763224677337
20 5.28199960145798
21 5.34634854188610
22 5.34284389896664
23 5.39196717648787
24 5.40122958067578
25 5.43692323358556
26 5.46021116207413
27 5.47649790428053
28 5.47425318663435
29 5.48040800075058
30 5.48367890355525
31 5.51526324663840
32 5.49472329148652
33 5.54230341452290
34 5.52034105207576
35 5.51320845625536
36 5.46326243268918
37 5.49693425276587
38 5.49844678749865
39 5.51616223562341
40 5.47950074858508
41 5.49101960373119
42 5.47993927157911
43 5.45984215333700
44 5.46198868334734
45 5.46038756969338
46 5.41719753437905
47 5.44812764645164
48 5.44665017198028
49 5.39712820613629
50 5.40082218790833
51 5.37906532503389
52 5.39798195049870
53 5.36626728985036
54 5.33491917969574
55 5.34023351065809
56 5.34530116754377
57 5.35567289400424
58 5.39658103710063
59 5.37320593131024
60 5.38244612268937
61 5.37509797858371
62 5.36848387927185
63 5.42635653899152
64 5.39634018937343
65 5.40624448727891
66 5.43830800094066
67 5.45351725756705
68 5.48539426342653
69 5.54242145507740
70 5.52038041639938
71 5.57970797916636
72 5.60455036096935
73 5.61146151934194
74 5.66284307702278
75 5.71933743468043
76 5.74651300767604
77 5.76788757763769
78 5.78971629325088
79 5.83124774583237
80 5.89539664984295
81 5.94728983974131
82 5.97737215823527
83 6.00456622153525
84 6.04298163876548
85 6.09815157060341
86 6.13328927003521
87 6.16161473503692
88 6.20344833503581
89 6.25898659710432
90 6.26136541832346
91 6.34087768326072
92 6.32187977539569
93 6.41550357447715
94 6.37825358883198
95 6.43652538589968
96 6.46878110102563
97 6.50539761761632
98 6.51508253842037
99 6.53771059397363
100 6.50374717604963
