Photons
101
0 3.59485364514658
1 3.47716133473429
2 3.54747936999057
3 3.57809184239398
4 3.68103312611218
5 3.88706280718425
6 3.84816946799098
7 3.76595069301815
8 3.72417513688519
9 4.12340310894252
10 3.92518412311332
11 3.85864432661651
12 4.10584496289359
13 4.02694656972723
14 4.11572543123392
15 4.09217125522939
16 3.96779086847701
17 3.96350301599703
18 4.05711765065309
19 3.89300084455286
20 4.01646737342697
21 4.05745965446177
22 4.01624644241647
23 3.91860103232389
24 3.72893301340806
25 3.83295340767737
26 3.87418126992251
27 3.90732732645905
28 3.65076338847907
29 3.79813281662849
30 3.82505665424131
31 3.84152323403647
32 3.72320201201296
33 3.68589607584218
34 3.75034750592990
35 3.78060294003680
36 3.58537117362790
37 3.54702804817407
38 3.80134286381834
39 3.73069989489747
40 3.82021663444150
41 3.84549352136564
42 3.84142608364911
43 4.02762058758098
44 3.94663545894144
45 3.95665711502621
46 4.02974759956026
47 3.89663136142102
48 4.16935564578178
49 4.16165735609461
50 4.28298186943453
51 4.33462554853954
52 4.27920320576031
53 4.53929839747367
54 4.68854003000062
55 4.77936433308056
56 4.61336509295479
57 4.61959898869064
58 4.87034421327048
59 4.74926606973503
60 4.87369339353795
61 4.77681351645503
62 5.04291936854163
63 5.09404525794730
64 5.03620952258482
65 4.97347086125689
66 5.07956594011671
67 4.94174522771582
68 4.91947383857022
69 5.14903071069270
70 5.19616984218720
71 5.09672807961901
72 5.00362717567949
73 5.10784080247453
74 5.07998437199008
75 5.27410166853920
76 5.05410135916096
77 5.03238148101127
78 5.14423087645586
79 5.06000458819895
80 4.97955474220282
81 4.98268223227821
82 5.08837547798368
83 5.11222958187117
84 5.09418772629680
85 5.03733685252437
86 5.04854003790191
87 4.85881578443313
88 5.15986547963943
89 4.84495322557001
90 5.04980198977894
91 5.14885086285090
92 4.92706198193838
93 4.91546580574075
94 4.86250920757500
95 4.99146514744612
96 5.01859465163668
97 5.15958677007045
98 5.14478939132780
99 4.94378371767361
100 5.07191620585593
