PositiveCorrelation
101
0 6.84860728899340
1 6.73234822515120
2 6.35537867935737
3 6.54331327753798
4 6.74358555869570
5 6.66019440949848
6 6.60400876476664
7 6.57005906878909
8 6.31820626598261
9 6.44915233010612
10 6.61611474231013
11 6.79875916031761
12 6.74431573328704
13 6.82010090534429
14 6.79106977813112
15 6.72835460818541
16 6.75068199784530
17 6.80885327134165
18 6.77482306362466
19 6.96987816222017
20 7.09166471163299
21 7.34654782840111
22 7.20610871049425
23 7.38148988055955
24 7.61584050268630
25 7.84099017295291
26 7.76833568933143
27 7.97176373666344
28 8.07905620474457
29 7.92598536699625
30 8.37141172206096
31 7.88119210735026
32 7.99536876915202
33 8.34854089949648
34 8.17402107297130
35 8.32970278457695
36 8.43977266987632
37 8.58246252526436
38 8.39042666412847
39 8.19292743114277
40 8.37714719865247
41 8.48598062096464
42 8.32715079553163
43 8.55447880831201
44 8.00137287881963
45 7.96250933309191
46 8.09604925354216
47 7.96431247095897
48 7.80602467781270
49 7.53342396493426
50 7.48893004934182
51 7.62544332157122
52 7.45645569741462
53 7.35475920457906
54 7.14607500701089
55 6.82616027145893
56 7.40251076966001
57 7.10917856052696
58 6.85405188063770
59 6.86996757087912
60 6.92934449609105
61 6.82309203070197
62 6.95945582651551
63 6.68850740062756
64 6.87900257632275
65 6.96904379438610
66 6.96046395828564
67 6.98070493488175
68 7.01342709413259
69 7.00545056157721
70 7.13255461042762
71 7.02028942302402
72 7.12958299253886
73 7.37239693084016
74 7.10878044363257
75 7.62654422096734
76 7.51778117061596
77 7.67741782782564
78 7.60889063554178
79 7.60972265957969
80 7.81609335962613
81 7.85753620872519
82 8.05567277051249
83 8.09933904255170
84 8.59985817595223
85 7.72080648074153
86 8.51147779453692
87 8.15490059644561
88 8.64297250303171
89 8.49163685098625
90 8.21843002850479
91 8.39597570360487
92 8.43655936968943
93 8.23639630786140
94 8.48502137731197
95 8.46279627228291
96 8.50308082940626
97 8.24785216838091
98 8.05476740503852
99 8.08694341490060
100 8.21525766042760
