RoboticsX
101
0 3.98949184500252
1 4.01535267615493
2 3.95647591736112
3 3.99958375890076
4 3.96784991259454
5 3.94097960625418
6 3.79287635180841
7 3.77696396369071
8 3.80953551698193
9 3.73457343554903
10 3.61329978528163
11 3.64185331671078
12 3.57873352395150
13 3.50573092830733
14 3.39539784761157
15 3.49308854871151
16 3.32093179000945
17 3.29572751460184
18 3.20350626881521
19 3.11806390014571
20 3.12842118895444
21 3.03999089646763
22 3.08687049082808
23 2.99732811300585
24 2.89355581379454
25 2.92425994072416
26 2.89839238681933
27 2.87746488914272
28 2.86763193689322
29 2.82358677934840
30 2.82408887276001
31 2.78959872531828
32 2.76742476966136
33 2.77393856174222
34 2.79464769763213
35 2.80916947196721
36 2.83420039183496
37 2.88915890392317
38 2.86800551880134
39 2.88877860724061
40 2.90944985026115
41 2.93613568874392
42 3.02631203369314
43 3.04152164591460
44 3.02005679231469
45 3.00900957981424
46 3.09042380639683
47 3.08706574204085
48 3.10371857833163
49 3.16861586337168
50 3.19710571253847
51 3.11547117643169
52 3.21560982554740
53 3.17696361416076
54 3.18728953341933
55 3.16232105825068
56 3.13858408632976
57 3.21609983301001
58 3.16057152796147
59 3.17322034218799
60 3.05203563467811
61 3.18869185649059
62 3.05649492707579
63 3.07652320970517
64 3.08764806665888
65 3.01985032705233
66 2.95415856647368
67 2.95342712649131
68 2.91339172153988
69 2.93883691404903
70 2.86532674549516
71 2.79119836026030
72 2.83247600311098
73 2.70834001529909
74 2.65850019620027
75 2.65491399836077
76 2.71298776537134
77 2.60564807387328
78 2.63793362193555
79 2.58902672176112
80 2.64620647634706
81 2.56785715122082
82 2.59225987311020
83 2.50357815069573
84 2.50496235780018
85 2.50868905128026
86 2.57365539796691
87 2.53858846078706
88 2.60084133634980
89 2.54971753403994
90 2.62571094452746
91 2.62054560203086
92 2.62159179613220
93 2.69689134870221
94 2.64638579886084
95 2.68711462039043
96 2.75305994868855
97 2.83568245920610
98 2.84214643596811
99 2.84616090523566
100 2.93628155810678
