SafeAndCare
101
0 4.27696165295341
1 4.20490710702929
2 4.18054524421920
3 4.17950824009259
4 4.11807462610247
5 4.02986787822754
6 4.00869509987528
7 3.91684486332101
8 3.83558187992050
9 3.82830146593048
10 3.72507055240160
11 3.62454530963865
12 3.57194833355304
13 3.52237082656135
14 3.45192646367844
15 3.41282406262531
16 3.32219462209989
17 3.24222138997494
18 3.16193143025576
19 3.13242048867772
20 3.02593292220895
21 3.00108998886670
22 2.95137318898097
23 2.86983041505324
24 2.83355240477117
25 2.80846736009149
26 2.80785307967071
27 2.77358521217453
28 2.73932697561925
29 2.72803458070811
30 2.63005974537272
31 2.69163570782419
32 2.61285392107221
33 2.67394379841238
34 2.64802517936914
35 2.62975607803412
36 2.65022791075076
37 2.70440349708107
38 2.69491281671111
39 2.70483556455847
40 2.81556556991228
41 2.75842687732004
42 2.77623588289303
43 2.80745627767455
44 2.82128079920429
45 2.86735985841668
46 2.90830022811794
47 2.94556179095130
48 2.96879224239407
49 2.98332595380110
50 3.00043534697253
51 3.02470340737993
52 3.06275732616317
53 3.04103337736127
54 3.03884933186629
55 3.13966636154051
56 3.08590873890856
57 3.08062718992048
58 3.07041260621123
59 3.06362369447497
60 3.10164639232562
61 3.10396180734646
62 3.05437119472809
63 3.04560571497335
64 3.03513351844229
65 3.01914682608304
66 2.98619185519707
67 2.98009670718795
68 2.99877172466315
69 2.95773424001844
70 2.90515555477349
71 2.92974175920320
72 2.88415398477950
73 2.84726979964218
74 2.82579724252877
75 2.80960919822537
76 2.79567620561518
77 2.80138478333082
78 2.75974662003580
79 2.74961721968755
80 2.80263468984179
81 2.72894383139113
82 2.74083289007436
83 2.76848363861386
84 2.75325331980846
85 2.79927144807888
86 2.86835854831550
87 2.83577329152426
88 2.85615908415928
89 2.85929106639397
90 2.95503541931211
91 2.98684811060842
92 3.04411804786516
93 3.06439748568431
94 3.09642528766226
95 3.21259967348485
96 3.21393732141085
97 3.26791260253969
98 3.35706435153302
99 3.46768382235767
100 3.42937565586978
