SpaceNow
101
0 7.68086146567333
1 7.50019523847057
2 7.37595882853010
3 7.28475185391506
4 7.11450442883258
5 7.15504409608594
6 6.90603531021207
7 6.81772733848285
8 6.67153969241252
9 6.67817326363692
10 6.47179247357350
11 6.37287827391445
12 6.29834179865835
13 6.27207900979003
14 6.03817105663605
15 6.03809289824890
16 6.03730416731345
17 6.00310098093934
18 5.84021026273196
19 5.92066996546378
20 5.89832978856960
21 5.77812773029267
22 5.93461449600978
23 5.75417201374613
24 5.78078882782034
25 5.89182369940340
26 5.98685999453353
27 6.01332832205937
28 6.16134983546849
29 6.28613331811727
30 6.24771674794852
31 6.26341333531398
32 6.38310777740476
33 6.47543800106238
34 6.35537049005864
35 6.35648717713080
36 6.65418794468704
37 6.67346992126200
38 6.81383631721455
39 7.02829094131708
40 6.99166569898104
41 6.97462265103155
42 6.97035492793036
43 7.20979877283717
44 7.01041020445136
45 7.16267231558171
46 7.16334769105208
47 7.32026063027325
48 7.27021325195898
49 7.21514506893137
50 7.23504904295015
51 7.35930990989849
52 7.43592689205215
53 7.17242810566673
54 7.19369708794973
55 7.27865050662723
56 7.25508939065789
57 7.29465463238787
58 7.10341000830314
59 7.22169944262323
60 7.12118017789070
61 7.08309750061463
62 7.11779466965442
63 6.99880194883404
64 6.99290322152566
65 6.85924546832639
66 6.90196272202814
67 6.98149072162255
68 6.88428407554943
69 6.98974409871552
70 6.94803048054177
71 6.79120286994490
72 6.88455670548451
73 6.86890327734458
74 7.05021231943328
75 7.19207109112982
76 7.09550335382189
77 7.11874633434838
78 7.18292600063308
79 7.07814327583526
80 7.20578322724626
81 7.13160564425363
82 7.04736208558834
83 7.15542853721305
84 7.29410244528035
85 7.30216878717842
86 7.38471845700432
87 7.28801149947456
88 7.36030687731980
89 7.49780965240626
90 7.51324283318028
91 7.58672197781751
92 7.47814444573129
93 7.44676851424784
94 7.52847286083599
95 7.59594746241958
96 7.52914440322430
97 7.41338529563280
98 7.57521872586000
99 7.44940620465701
100 7.26376411309449
