SuperFuture
101
0 2.47380305951192
1 2.39990651954531
2 2.38251378562565
3 2.19966054201446
4 2.39541942054342
5 2.19690451601729
6 2.22017144319452
7 2.22820636800981
8 1.96155309360644
9 2.27321940538630
10 2.15251386103476
11 2.02707320263479
12 2.13145703319738
13 2.36774186250262
14 2.16710246337639
15 2.09953945130650
16 2.21253721695222
17 2.27613496591194
18 2.22807420805278
19 2.25532978401376
20 2.41133128490383
21 2.41188595997616
22 2.37560055238395
23 2.39414670540627
24 2.43072855370896
25 2.40669702143582
26 2.45235338437645
27 2.47416558775581
28 2.57868930405293
29 2.38899792420054
30 2.54010973225607
31 2.58638873310960
32 2.39032557945248
33 2.44907262227535
34 2.43170374137091
35 2.37449067222710
36 2.31963668600522
37 2.24532075258879
38 2.11653947915648
39 2.27478566732186
40 1.94713123182575
41 2.17150287398161
42 2.14782136752072
43 1.95114504527832
44 2.01100596732984
45 1.96524384152077
46 1.90850796250907
47 1.76791258407048
48 1.77086357659667
49 1.70716501345035
50 1.58327454380149
51 1.55641847212123
52 1.59831852341151
53 1.47233194434834
54 1.50959094328068
55 1.45393577224171
56 1.40565429811010
57 1.41238801657706
58 1.41617267857272
59 1.39003645071928
60 1.39773981805928
61 1.44065530978691
62 1.39050306291744
63 1.43634357165919
64 1.43119038307005
65 1.50516966575849
66 1.50230969354877
67 1.60371203089965
68 1.67794684162165
69 1.54573821543028
70 1.80281147257367
71 1.84470171625455
72 1.76232495931655
73 2.05629496977909
74 1.96408598849768
75 2.05187034615422
76 2.20534587130037
77 2.10400020028187
78 2.13756542224373
79 2.26252033796573
80 2.36656589806735
81 2.44899672562480
82 2.53679762316121
83 2.67270809728178
84 2.55430529867141
85 2.58219242784272
86 2.75094846592541
87 2.78132801814894
88 2.83089776451854
89 2.78752924676634
90 2.98420092855175
91 3.02922227722380
92 3.00509217809172
93 3.26588156186803
94 3.02256136660149
95 3.22229255986148
96 3.14372623168931
97 3.16018573785137
98 3.17309571400096
99 3.36847966715615
100 3.28388014936956
