WaterForce
101
0 7.31547354446440
1 7.30049981304391
2 7.13350089249722
3 7.18476789082243
4 6.92134072782826
5 6.73716957226856
6 6.73634790099683
7 6.46252659611342
8 6.34479567672011
9 6.05852326598120
10 5.95966093613202
11 5.88870314808459
12 5.80486212688359
13 5.68807814094037
14 5.59122857892313
15 5.38972979938408
16 5.31157543050633
17 5.21596257446974
18 5.20299410058151
19 5.10391163420168
20 5.02000841462957
21 5.08322089795320
22 4.95299724054323
23 4.97105529665354
24 4.86710273296232
25 4.79821760314954
26 4.88563572429664
27 4.89869484087411
28 4.97640599518420
29 4.81815158831595
30 4.95100162883221
31 4.84633189280666
32 5.04928050569101
33 4.91477738107099
34 4.85793548624125
35 4.92681027457241
36 4.88509380002876
37 4.93151662362522
38 4.94118931040014
39 4.90165467340825
40 4.77287397387145
41 4.82123926364660
42 4.89166664134132
43 4.70656399377364
44 4.72625358191636
45 4.66010137351790
46 4.50144708554394
47 4.45124336188882
48 4.51029556644172
49 4.44400167242764
50 4.26246020551346
51 4.50015677276343
52 4.30063196808146
53 4.25601030531276
54 4.17440298464602
55 4.13065755175981
56 4.15784287116402
57 4.26129042535631
58 4.16001176488143
59 4.02898761772223
60 4.15430329381264
61 3.97559092742038
62 4.01877959870769
63 4.17997054449471
64 4.13104985884197
65 4.32944912928869
66 4.29314358318035
67 4.30177636558654
68 4.43563427940976
69 4.47044194379153
70 4.60051236750621
71 4.56545286139017
72 4.77991350390073
73 4.86375753942178
74 5.19326322289676
75 5.16766427057028
76 5.13443584214532
77 5.27229649823277
78 5.30404838748052
79 5.51062540316017
80 5.52294580477136
81 5.72399579954250
82 5.72536747441776
83 5.73029483551891
84 5.83628652459541
85 5.96319112117721
86 5.76278212223693
87 5.84393827767363
88 5.88194610716919
89 5.91605847733032
90 5.93202223405199
91 5.86730996610733
92 5.91090355842735
93 5.91478612838271
94 5.75001678071910
95 5.74158567374435
96 5.79479290118313
97 5.76023168869651
98 5.77971594781602
99 5.59766722271671
100 5.77581969520392
