WorldNow
101
0 6.44609755841228
1 6.41449438888494
2 6.35782416133276
3 6.26219923263363
4 6.23570969359540
5 6.15571027770274
6 6.09182719696799
7 6.02073128087094
8 5.94095260493364
9 5.96756467361988
10 5.88391618641151
11 5.76988698595850
12 5.68163554798072
13 5.70486037527359
14 5.63120342179516
15 5.54803123347181
16 5.51732199800101
17 5.46912600354941
18 5.44591750917558
19 5.40186956354616
20 5.33118652377702
21 5.32903230239730
22 5.27268922678800
23 5.28114671608932
24 5.24918672607111
25 5.22080783591101
26 5.21504872782847
27 5.19481579962169
28 5.18426294037331
29 5.19564732880685
30 5.18648933169906
31 5.19486295086755
32 5.21321863181380
33 5.18955395655229
34 5.16854726801030
35 5.21380580736795
36 5.24308699258718
37 5.23268356965276
38 5.21127966213559
39 5.25376633362543
40 5.25916030691056
41 5.27757249148944
42 5.30315750022570
43 5.31408442734653
44 5.33192091919162
45 5.32688414352419
46 5.39119660292882
47 5.36572907439281
48 5.41608931394135
49 5.41124825784905
50 5.43612516134780
51 5.40404862186256
52 5.42159350756750
53 5.43666824298657
54 5.42868408918199
55 5.43480892863179
56 5.41485989089946
57 5.42751330192666
58 5.41401459841463
59 5.39943238481819
60 5.37397943449865
61 5.37223559324747
62 5.34953382914766
63 5.29220679137735
64 5.29736000355527
65 5.22716368945119
66 5.18092009668386
67 5.15654965534721
68 5.10374760979666
69 5.08728252020793
70 4.97583613565225
71 4.92343865759916
72 4.87671629874475
73 4.81461901038119
74 4.74147382553295
75 4.70438307634083
76 4.59516119418805
77 4.52320248404891
78 4.43635797061326
79 4.41641548806096
80 4.31192684182336
81 4.20549388440166
82 4.17350642506302
83 4.09728678365961
84 3.99658093848715
85 3.90492321124059
86 3.81353066168043
87 3.74363772156807
88 3.66710036253394
89 3.61349693257945
90 3.54649523849125
91 3.47527473432964
92 3.42075639510580
93 3.38527989024616
94 3.31362572595660
95 3.19724090713140
96 3.18854918137755
97 3.18647939916934
98 3.10387559126459
99 3.10747206074419
100 3.06155982289207
